(0,1)
(3,2)
(0,2)
(1,3)
(0,1)
(2,3)
(7,6)
(4,5)
(7,5)
(6,4)
(7,6)
(5,4)
(0,4)
(1,5)
(2,6)
(3,7)
(0,2)
(1,3)
(0,1)
(2,3)
(4,6)
(5,7)
(4,5)
(6,7)
(15,14)
(12,13)
(15,13)
(14,12)
(15,14)
(13,12)
(8,9)
(11,10)
(8,10)
(9,11)
(8,9)
(10,11)
(15,11)
(14,10)
(13,9)
(12,8)
(15,13)
(14,12)
(15,14)
(13,12)
(11,9)
(10,8)
(11,10)
(9,8)
(0,8)
(1,9)
(2,10)
(3,11)
(4,12)
(5,13)
(6,14)
(7,15)
(0,4)
(1,5)
(2,6)
(3,7)
(0,2)
(1,3)
(0,1)
(2,3)
(4,6)
(5,7)
(4,5)
(6,7)
(8,12)
(9,13)
(10,14)
(11,15)
(8,10)
(9,11)
(8,9)
(10,11)
(12,14)
(13,15)
(12,13)
(14,15)